     ID   CLA   OLA   Quiz   Homework   Exam   Bonus   Total   FinalGrade   
c088801    10    15      4         15     56       5 
c088802     9    12      2         11     46       2 
c088803     8    10      3         12     50       1
c088804     5     5      3         10     53       3
c088805     3    11      1         10     45       0 
c088806     8    14      2         11     40      -1  
c088807     4    12      2         12     48      -2
c088808    10    10      3         11     36       0
c088809     8     8      3         11     39       0
c088810     6     9      4          9     47       3
c088811     8     7      3         13     41       3
c088812     4    11      3         11     37       1
c088813     9    15      2          8     50       2
c088814     8    12      2         10     48       4
c088815     6     8      1          7     45       1
c088816     7     7      2          6     51       2
c088817     8     9      2         12     38       2 
